BGR888 and BGR555

[[[ 32  54  30]   [ 32  54  30]   [ 32  54  30]   ...  [ 23  90  59]   [ 23  90  59]   [ 23  90  59]]
 [[ 32  54  30]   [ 32  54  30]   [ 32  54  30]  ...  [ 23  90  59]  [ 23  90  59]  [ 23  90  59]]
 [[ 30  54  30]  [ 30  54  30]  [ 30  54  30]  ...  [ 24  91  60]  [ 24  91  60]  [ 24  91  60]]
 ...
 [[144 158 170]  [144 158 170]  [145 159 171]  ...  [195 211 217]  [198 214 220]  [201 217 223]]
 [[145 159 171]  [146 160 172]  [146 160 172]  ...  [194 210 216]  [197 213 219]  [198 214 220]]
 [[145 158 172]  [146 159 173]  [147 160 174]  ...  [195 211 217]  [195 211 217]  [195 211 217]]]



 *******************


[[[196  12]  [196  12]  [196  12]  ...  [ 98  29]  [ 98  29]  [ 98  29]]

 [[196  12]  [196  12]  [196  12]  ...  [ 98  29]  [ 98  29]  [ 98  29]]

 [[195  12]  [195  12]  [195  12]  ...  [ 99  29]  [ 99  29]  [ 99  29]]

 ...

 [[114  86]  [114  86]  [114  86]  ...  [ 88 111]  [ 88 111]  [121 111]]

 [[114  86]  [146  86]  [146  86]  ...  [ 88 111]  [ 88 111]  [ 88 111]]

 [[114  86]  [114  86]  [146  86]  ...  [ 88 111]  [ 88 111]  [ 88 111]]]