BGR565
[[[164  25]  [164  25]  [164  25]  ...  [194  58]  [194  58]  [194  58]]
 [[164  25]  [164  25]  [164  25]  ...  [194  58]  [194  58]  [194  58]]
 [[163  25]  [163  25]  [163  25]  ...  [195  58]  [195  58]  [195  58]]
 ...
 [[242 172]  [242 172]  [242 172]  ...  [152 222]  [184 222]  [217 222]]
 [[242 172]  [ 18 173]  [ 18 173]  ...  [152 222]  [184 222]  [184 222]]
 [[242 172]  [242 172]  [ 18 173]  ...  [152 222]  [152 222]  [152 222]]]


BGR888
[[[ 32  54  30]   [ 32  54  30]   [ 32  54  30]   ...  [ 23  90  59]   [ 23  90  59]   [ 23  90  59]]
 [[ 32  54  30]   [ 32  54  30]   [ 32  54  30]  ...  [ 23  90  59]  [ 23  90  59]  [ 23  90  59]]
 [[ 30  54  30]  [ 30  54  30]  [ 30  54  30]  ...  [ 24  91  60]  [ 24  91  60]  [ 24  91  60]]
 ...
 [[144 158 170]  [144 158 170]  [145 159 171]  ...  [195 211 217]  [198 214 220]  [201 217 223]]
 [[145 159 171]  [146 160 172]  [146 160 172]  ...  [194 210 216]  [197 213 219]  [198 214 220]]
 [[145 158 172]  [146 159 173]  [147 160 174]  ...  [195 211 217]  [195 211 217]  [195 211 217]]]

